1000
0 363
0 185
0 765
0 820
0 112
0 178
0 533
0 923
1 222
1 351
1 613
1 710
1 209
1 716
1 312
1 961
2 869
2 639
2 307
2 762
2 938
2 371
2 844
2 37
2 521
2 741
3 126
3 493
3 305
3 798
3 325
3 114
3 146
3 388
4 395
4 49
4 396
4 206
4 782
4 437
4 446
4 963
4 596
4 554
4 355
4 7
4 912
5 825
5 284
5 236
5 776
5 686
5 510
5 213
5 540
5 656
5 162
6 592
6 139
6 65
6 837
6 157
6 762
6 949
6 90
6 398
6 235
6 957
7 763
7 227
7 987
7 192
7 951
7 132
7 581
7 812
7 548
7 34
7 793
7 633
8 249
8 656
8 783
8 68
8 979
8 363
8 405
8 834
9 151
9 663
9 153
10 409
10 60
10 391
10 963
10 656
10 591
10 924
10 949
11 44
11 812
11 328
11 259
11 387
11 250
11 89
11 386
11 107
11 395
11 560
11 997
12 395
12 824
12 911
12 411
12 7
12 232
12 67
12 793
12 55
12 880
12 794
13 682
13 184
13 300
13 543
13 446
13 617
13 612
14 327
14 380
14 578
14 548
14 324
14 830
14 454
14 619
14 568
14 282
14 641
14 848
15 217
15 518
15 996
15 435
15 500
15 484
16 928
16 933
16 452
16 800
16 883
16 355
16 630
16 76
17 480
17 594
17 872
17 98
17 482
17 97
17 573
17 765
17 569
17 629
18 862
18 405
18 318
18 79
18 129
19 15
19 696
19 991
19 531
19 182
19 550
19 541
19 219
19 904
19 720
19 645
19 14
19 842
19 31
20 622
20 523
20 646
20 432
20 294
20 808
20 631
20 718
20 779
20 384
20 65
20 529
20 243
21 509
21 635
21 716
21 210
21 174
21 787
21 831
21 700
21 898
22 405
22 482
22 435
22 391
22 671
22 133
22 606
23 644
23 45
23 605
23 44
23 546
23 590
23 335
23 896
23 735
23 218
24 371
24 78
24 587
24 50
24 460
24 713
24 428
24 212
24 497
25 223
25 95
25 9
25 185
25 110
25 418
25 248
26 710
26 427
26 496
26 145
26 77
26 891
26 709
26 82
26 962
26 205
27 814
27 613
27 369
27 571
27 548
27 606
27 537
27 428
27 83
27 533
27 602
27 401
27 895
27 808
27 210
27 564
27 551
27 91
28 429
28 422
28 683
28 521
28 255
29 523
29 88
29 845
29 811
29 948
29 707
29 334
30 888
30 234
30 537
30 276
30 309
30 49
30 706
30 231
31 845
31 74
31 577
31 863
31 28
31 146
31 220
31 957
31 880
31 656
31 502
32 357
32 167
32 251
32 9
32 295
32 980
32 606
32 242
32 62
32 912
33 419
33 106
33 934
33 861
33 823
33 82
33 908
33 632
33 173
33 446
33 92
33 391
33 743
33 981
34 605
34 276
34 682
34 508
34 689
35 179
35 981
35 924
35 253
35 363
35 107
35 767
35 998
35 668
35 75
35 988
36 272
36 292
36 678
36 791
36 631
37 102
37 223
37 597
37 19
37 380
37 612
37 920
37 832
37 49
37 467
37 46
38 141
38 246
38 851
38 960
38 267
38 957
38 788
38 843
38 140
39 615
39 26
39 874
39 5
39 984
39 766
39 843
39 163
40 263
40 109
40 405
40 911
40 612
40 138
40 489
40 466
40 664
40 899
40 674
40 839
41 872
41 735
41 827
41 60
41 213
41 928
41 92
41 69
41 460
41 337
41 448
41 602
41 726
41 699
42 876
42 666
42 275
42 55
42 893
42 416
42 53
42 41
43 814
43 76
44 22
44 179
44 859
44 56
44 541
44 222
44 706
44 558
44 921
44 403
45 757
45 421
45 564
45 173
45 585
45 909
45 865
46 257
46 340
46 981
46 246
46 312
46 29
46 811
46 525
46 216
46 861
46 895
46 918
46 848
47 805
47 57
47 992
47 927
47 283
47 947
47 620
47 344
47 383
47 284
47 351
47 301
48 64
48 834
48 944
48 736
48 659
48 314
49 421
49 329
49 628
49 428
49 386
49 731
49 847
49 288
49 926
49 399
49 669
49 680
50 871
50 561
50 907
50 830
50 780
50 639
50 441
50 216
50 83
51 146
51 961
51 981
51 845
51 482
51 634
51 469
51 931
51 511
51 385
52 936
52 153
52 7
52 748
52 218
52 716
52 855
52 48
52 761
52 574
52 204
52 358
52 543
53 539
53 457
53 412
53 826
53 389
53 313
53 589
53 106
53 772
53 160
53 721
53 584
53 830
53 143
54 526
54 572
54 681
54 74
54 269
54 637
54 978
54 219
54 576
54 645
54 685
54 271
54 447
54 124
54 134
54 114
54 367
54 275
54 671
55 243
55 893
55 787
55 675
55 521
55 576
55 961
55 910
56 489
56 426
56 666
56 68
56 939
56 818
57 167
57 238
57 547
57 246
57 576
57 461
57 769
58 359
58 814
58 218
58 361
58 427
58 378
58 956
58 989
59 99
59 348
59 285
59 256
59 806
59 608
59 885
59 643
59 122
59 426
60 527
60 228
60 631
60 762
60 854
60 182
60 589
60 918
60 90
60 783
60 46
61 307
61 475
61 208
61 415
61 879
61 143
61 999
61 378
61 174
61 640
61 755
61 777
61 45
61 408
61 379
62 854
62 340
62 580
62 327
62 948
62 304
62 902
62 191
62 559
62 644
62 199
62 903
62 392
62 707
62 817
63 602
63 721
63 940
63 591
63 872
63 47
63 967
63 392
63 692
63 71
63 623
63 523
63 236
63 53
63 603
63 617
64 791
64 894
64 345
64 220
64 420
64 57
64 988
64 933
65 627
65 154
65 710
65 569
65 525
65 323
65 785
65 263
65 285
66 648
66 795
66 339
66 491
66 166
67 505
67 522
67 165
67 132
67 370
67 821
67 306
67 785
68 297
68 741
68 404
68 289
68 522
68 328
68 791
68 725
68 10
68 382
68 754
68 17
69 992
69 197
69 519
69 466
69 52
69 788
69 861
69 697
69 53
69 668
69 246
69 917
70 622
70 446
70 25
70 107
70 260
70 964
70 280
70 764
70 390
70 984
70 856
71 817
71 427
71 481
72 970
72 425
72 370
72 855
72 954
72 694
72 56
72 841
72 242
72 528
73 955
73 947
73 430
73 674
73 189
73 466
73 741
73 671
74 152
74 899
74 390
74 841
74 576
74 435
74 787
74 970
74 485
75 426
75 659
75 264
75 453
75 160
75 468
75 764
75 126
75 92
75 234
76 25
76 667
76 739
76 299
76 254
76 967
76 21
77 699
77 963
77 131
77 513
77 327
77 316
77 888
77 690
77 209
77 779
78 721
78 350
78 227
78 374
78 562
78 761
78 431
78 376
78 346
79 150
79 601
79 482
80 793
80 865
80 74
80 745
80 395
80 541
81 251
81 408
81 385
81 21
81 318
81 153
81 714
81 489
81 214
82 356
82 690
82 990
82 2
82 361
82 755
82 249
82 617
82 548
82 445
82 38
82 289
82 366
83 546
83 823
83 672
83 971
83 191
83 789
83 613
83 896
83 49
83 573
83 89
83 354
84 880
84 487
84 608
84 510
84 389
84 834
85 97
85 418
85 452
85 881
85 158
85 272
85 762
85 102
85 909
85 549
86 889
86 572
86 957
86 210
86 437
86 569
86 274
86 928
86 501
87 395
87 142
87 499
87 379
87 750
87 117
87 425
87 601
87 243
87 386
88 984
88 925
88 161
88 153
88 791
88 171
89 446
89 532
89 518
89 440
89 695
89 635
90 233
90 184
90 190
90 700
90 689
90 606
90 452
90 907
90 732
91 879
91 772
91 705
91 383
91 613
91 556
91 280
91 255
91 853
91 83
91 678
91 670
91 578
91 348
91 892
92 935
92 939
92 942
92 953
92 130
92 745
92 673
92 849
92 519
92 278
92 963
93 584
93 451
93 998
93 800
93 965
93 140
93 775
93 376
93 586
94 474
94 262
94 119
94 273
94 248
94 318
95 398
95 598
95 535
95 768
95 20
95 355
95 685
96 513
96 484
96 605
96 723
96 899
96 798
96 753
96 650
96 114
96 565
97 711
97 326
97 496
97 760
97 177
97 196
97 598
97 961
97 54
97 869
98 511
98 600
98 705
98 749
98 228
98 943
98 316
98 31
98 909
99 254
99 969
99 53
99 606
100 698
100 590
100 130
100 751
100 976
100 679
100 1
100 856
100 17
100 592
100 802
100 365
100 827
101 41
101 927
101 513
101 95
101 742
101 604
101 384
101 608
101 68
101 255
101 866
101 580
102 466
102 908
102 402
102 993
102 355
102 528
102 903
103 938
103 220
103 360
103 877
103 921
103 211
103 855
103 309
103 953
103 482
103 689
103 425
103 577
103 554
103 191
104 289
104 502
104 450
104 231
104 929
104 951
104 303
104 794
104 482
105 172
105 157
105 823
105 685
105 199
105 751
105 253
105 170
105 16
105 206
105 574
105 849
105 419
105 254
106 83
106 348
106 6
106 741
106 495
107 188
107 545
107 281
107 655
107 3
107 712
107 613
107 568
108 26
108 809
108 773
108 520
108 366
108 337
108 40
108 62
108 882
108 55
108 294
109 945
109 809
109 677
109 807
109 15
109 849
109 156
109 558
109 53
109 933
110 286
110 313
110 493
110 310
110 794
110 899
110 811
110 650
110 78
111 821
111 254
111 402
111 333
111 366
111 21
111 236
111 213
111 653
111 169
111 393
111 986
111 348
112 467
112 942
112 853
112 997
112 173
112 610
112 379
112 63
112 362
112 866
112 349
112 693
112 936
112 966
113 566
113 521
113 933
113 513
113 458
113 283
113 35
113 739
113 385
114 272
114 282
114 71
114 695
114 944
114 969
114 769
115 541
115 516
115 230
115 811
115 857
115 467
115 168
115 731
115 722
115 221
115 408
115 576
115 215
116 614
116 78
116 246
116 556
116 533
116 63
116 828
116 454
117 695
117 31
117 228
117 443
117 917
117 714
117 813
117 216
117 348
117 100
118 956
118 367
118 318
118 456
118 315
118 332
118 719
118 417
118 549
118 648
118 262
118 791
118 675
118 652
118 586
119 737
119 76
119 270
119 48
119 617
119 194
119 261
119 695
119 240
120 72
120 837
120 16
120 965
120 617
120 628
120 392
120 760
120 836
120 997
120 546
120 235
120 213
121 605
121 560
121 23
121 212
121 225
121 720
121 995
121 38
121 52
121 536
121 204
122 522
122 911
122 823
122 176
122 164
122 780
122 749
122 452
122 349
122 289
123 717
123 976
123 833
123 536
123 762
123 950
123 598
123 588
123 214
123 856
123 776
124 755
124 54
124 329
124 351
124 356
124 983
125 663
125 619
125 179
125 59
125 180
125 466
125 335
125 705
126 420
126 695
126 180
126 454
126 377
126 989
126 841
126 910
126 195
126 41
127 799
127 614
127 393
127 19
127 354
127 145
127 344
127 740
127 499
128 706
128 138
128 996
128 798
128 457
128 351
128 543
128 301
128 102
128 806
129 179
129 967
129 296
129 442
129 676
129 270
129 753
129 951
129 292
129 761
129 807
129 693
130 399
130 757
130 877
130 916
130 219
130 94
130 439
130 103
130 101
130 891
130 523
130 787
131 872
131 709
131 935
131 693
131 616
131 156
131 640
131 865
131 666
131 446
131 914
132 278
132 540
132 20
132 768
132 811
132 765
132 160
132 326
132 211
132 389
132 205
132 836
132 912
132 225
133 144
133 807
133 157
133 333
133 427
133 415
133 578
133 908
133 611
133 351
133 381
134 302
134 669
134 961
134 165
134 65
134 579
134 83
134 63
135 105
135 281
135 164
135 750
135 262
135 218
135 559
135 836
135 517
136 553
136 402
136 719
136 210
136 496
136 315
136 332
136 242
136 473
137 906
137 45
137 214
137 809
137 567
137 94
137 671
137 966
137 582
138 84
138 318
138 693
138 589
138 24
138 92
138 37
138 665
138 740
139 335
139 289
139 430
139 899
139 646
139 630
139 548
139 665
139 225
139 618
139 549
139 46
139 398
139 628
140 492
140 118
140 252
140 543
140 290
140 134
140 154
140 913
141 698
141 457
141 348
141 528
141 355
141 232
141 947
141 196
142 849
142 726
142 440
142 692
142 291
142 977
142 856
142 411
143 431
143 200
143 113
143 452
143 380
143 567
143 744
143 483
143 725
144 448
144 534
144 693
144 924
144 858
144 403
144 147
144 615
144 252
145 817
145 738
145 387
145 295
145 686
145 410
145 116
145 714
145 475
145 843
145 765
145 742
145 257
145 757
146 296
146 875
146 461
146 26
146 797
146 606
146 243
146 525
146 272
146 213
146 397
146 305
146 975
147 107
147 61
147 963
147 3
147 717
147 924
147 119
147 470
147 493
147 28
147 925
147 896
147 643
147 638
147 409
147 294
147 690
147 444
148 728
148 120
148 160
148 427
148 877
148 271
148 51
148 104
148 434
149 678
149 62
149 630
149 998
149 929
149 137
149 391
149 52
149 153
149 247
149 960
149 979
149 395
149 165
150 992
150 333
150 11
150 963
150 522
150 372
150 955
151 580
151 355
151 805
151 419
151 232
151 67
151 424
152 914
152 492
152 744
152 678
152 550
152 919
152 269
152 796
153 127
153 819
153 60
153 518
153 573
154 577
154 695
154 860
154 90
154 255
154 354
154 994
154 730
154 135
154 460
154 548
155 993
155 259
155 696
155 404
155 220
155 513
155 1
155 170
155 239
155 78
155 922
155 316
155 169
156 479
156 204
156 213
156 436
156 890
156 110
157 280
157 92
157 101
157 589
157 347
157 974
157 564
157 289
157 395
157 910
158 498
158 447
158 624
158 904
158 720
158 584
158 545
158 505
158 827
158 468
158 123
158 98
158 549
159 208
159 884
159 446
159 639
159 786
159 487
159 506
159 313
159 911
159 854
159 436
159 183
160 573
160 108
160 26
160 164
160 876
160 301
160 899
160 127
160 608
160 47
160 80
160 469
161 785
161 604
161 316
161 338
161 613
161 159
161 385
162 514
162 382
162 349
162 498
162 933
162 714
162 461
162 637
163 809
163 740
163 694
163 602
163 930
163 907
163 926
163 948
163 716
163 233
163 192
163 997
163 345
164 125
164 662
164 494
164 285
164 74
164 204
164 529
164 553
165 221
165 454
165 870
165 284
165 100
165 112
165 966
165 656
165 578
165 154
165 637
165 85
165 360
165 797
165 170
166 941
166 548
166 432
166 650
166 628
166 892
166 210
166 265
166 547
166 549
166 252
167 513
167 874
167 24
167 895
167 290
168 513
168 697
168 63
168 753
168 868
168 418
168 211
168 294
168 657
168 745
168 319
168 34
169 493
169 700
169 667
169 473
169 825
169 891
169 781
169 248
169 137
169 258
170 841
170 954
170 646
170 811
170 316
170 46
170 79
170 744
170 658
170 865
170 732
170 628
170 342
171 331
171 861
171 394
171 516
171 252
171 176
171 480
171 910
172 304
172 144
172 270
172 476
172 168
172 445
172 621
173 291
173 224
173 610
173 398
173 459
173 160
173 666
173 823
173 23
173 230
173 388
173 410
173 123
173 744
173 458
173 378
174 781
174 129
174 591
174 612
174 4
174 809
175 932
175 498
175 214
175 192
175 17
175 831
175 633
175 106
175 491
175 406
175 639
176 63
176 179
176 803
176 689
176 865
176 273
176 169
176 203
176 104
176 849
177 977
177 185
177 740
177 817
177 629
177 2
177 189
177 147
177 890
177 525
177 405
177 67
177 595
178 548
178 287
178 1
178 125
178 154
178 473
178 22
178 622
178 589
178 853
178 93
179 216
179 809
179 584
179 197
179 208
179 245
179 938
179 103
179 803
179 495
180 746
180 20
180 144
180 946
180 697
180 90
180 46
180 590
180 293
180 852
180 830
181 536
181 534
181 417
181 533
181 84
181 89
181 562
181 696
181 946
181 253
181 299
182 648
182 477
182 218
182 628
182 963
182 434
183 326
183 847
183 880
183 313
183 577
183 258
183 498
184 933
184 295
184 355
184 703
184 991
184 613
184 107
184 797
184 253
184 160
185 678
185 397
185 259
185 451
185 336
185 43
185 450
185 385
185 686
185 88
185 768
185 504
185 964
186 889
186 966
186 38
186 69
186 773
186 938
186 231
186 55
187 352
187 696
187 304
187 3
187 846
187 404
187 521
187 452
187 951
187 643
187 48
187 884
187 543
187 460
188 346
188 99
188 53
188 555
188 3
188 52
188 67
188 929
188 103
188 593
188 758
188 966
188 759
189 534
189 224
189 972
189 990
189 273
189 662
189 321
189 728
189 799
190 325
190 496
190 675
190 422
190 5
190 566
190 830
190 709
190 297
190 759
190 385
191 598
191 929
191 830
191 137
191 823
191 548
191 482
191 138
191 798
191 589
191 899
192 174
192 492
192 76
192 122
192 343
192 464
192 304
192 534
193 221
193 579
193 329
193 150
193 980
194 200
194 583
194 914
194 574
194 722
195 667
195 671
195 763
195 625
195 468
195 905
195 573
195 458
195 78
195 206
195 640
195 431
196 987
196 22
196 832
196 516
196 125
196 447
196 288
196 948
196 475
196 710
196 611
196 512
196 639
196 967
197 578
197 469
197 355
197 465
197 144
197 210
197 779
198 124
198 185
198 200
198 126
198 632
198 467
198 136
198 854
198 26
198 150
198 690
198 945
199 456
199 355
199 652
199 711
199 37
199 356
199 642
199 184
199 87
199 219
199 979
200 407
200 897
200 644
200 707
200 638
200 320
200 84
200 288
200 840
200 49
200 739
200 651
200 629
200 984
200 929
200 819
201 829
201 305
201 228
201 934
201 350
201 64
201 295
201 379
201 610
201 963
201 949
202 799
202 539
202 393
202 41
202 651
202 983
202 873
202 433
202 603
202 977
203 202
203 28
203 713
203 981
203 827
203 464
203 195
203 375
203 707
204 956
204 247
204 132
204 745
204 308
204 487
204 111
204 232
204 435
204 136
204 202
204 701
205 472
205 743
205 424
205 812
205 22
205 517
205 38
205 291
206 866
206 833
206 381
206 960
206 904
206 167
206 838
206 863
206 429
206 218
206 504
207 22
207 73
207 403
207 477
207 410
207 701
207 935
207 483
207 221
207 428
207 120
207 98
207 871
207 376
208 612
208 97
208 324
208 366
208 201
208 426
209 766
209 799
209 152
209 471
209 103
209 884
209 433
209 613
209 133
209 980
210 425
210 527
210 467
210 463
210 718
210 977
210 270
210 825
211 756
211 415
211 459
211 633
211 776
211 841
211 130
212 443
212 388
212 795
212 267
212 664
212 642
212 635
212 679
213 716
213 117
213 415
213 369
213 139
213 474
213 492
213 607
213 64
213 677
213 620
213 107
214 247
214 650
214 237
214 545
214 576
214 118
214 328
214 194
214 157
215 597
215 135
215 873
215 611
215 848
215 515
215 933
215 638
215 277
215 13
215 805
216 28
216 657
216 974
216 631
216 132
216 880
216 825
216 712
216 437
216 745
216 104
216 596
216 464
217 517
217 528
217 314
217 610
217 547
217 85
217 315
217 845
217 510
217 378
218 193
218 202
218 738
218 184
218 536
218 305
218 630
218 231
218 392
219 982
219 965
219 833
219 710
219 408
219 264
219 571
219 681
219 882
219 2
219 742
220 594
220 462
220 81
220 481
220 665
220 877
220 624
220 559
220 661
220 293
220 705
220 342
221 251
221 850
221 137
221 291
221 726
221 748
221 430
221 166
221 134
221 901
221 604
221 415
222 186
222 627
222 159
222 87
222 410
222 509
222 712
222 515
222 860
222 471
222 908
222 199
223 663
223 697
223 669
223 361
223 73
223 730
223 422
223 400
223 193
223 167
223 662
223 782
223 44
224 500
224 558
224 772
224 937
224 319
224 606
224 34
224 754
224 939
225 927
225 22
225 169
225 103
225 236
225 901
225 340
225 802
225 557
226 826
226 876
226 60
226 687
226 684
226 241
226 3
226 957
226 550
226 473
227 901
227 504
227 761
227 778
227 720
227 365
227 587
227 978
227 532
227 634
227 960
227 736
227 69
227 176
227 397
227 6
228 382
228 62
228 132
228 408
228 828
228 789
228 963
228 383
228 418
228 599
228 990
228 560
228 401
229 972
229 731
229 346
229 108
229 625
229 965
229 264
229 314
230 973
230 700
230 414
230 358
230 657
230 629
230 675
230 846
230 768
230 699
230 50
230 213
230 443
231 970
231 255
231 563
231 433
231 676
231 542
232 824
232 211
232 30
232 349
232 253
232 660
232 737
232 368
232 963
232 20
233 348
233 465
233 314
233 512
233 621
233 683
233 568
233 616
233 570
233 330
233 67
233 257
234 794
234 64
234 253
234 847
234 546
234 95
234 844
234 974
234 254
234 918
234 71
235 254
235 100
235 841
235 979
235 746
235 502
235 518
235 228
235 320
235 970
235 43
235 503
235 934
236 954
236 146
236 720
236 835
236 926
236 849
236 348
236 227
237 894
237 345
237 138
237 207
237 805
237 8
237 470
237 837
237 903
237 573
238 319
238 167
238 805
238 173
238 270
238 130
238 399
238 584
238 749
239 924
239 526
239 589
239 842
239 805
239 608
239 547
239 64
239 202
239 708
239 432
239 504
239 389
239 48
239 862
239 770
239 898
240 288
240 851
240 470
240 219
240 792
240 366
240 614
240 856
241 110
241 475
241 607
241 633
241 137
241 225
241 203
241 950
242 638
242 827
242 643
242 655
242 126
242 502
242 29
242 266
242 220
242 199
242 123
242 196
243 287
243 269
243 334
243 909
243 928
243 818
243 372
243 966
243 651
243 812
243 919
243 677
243 308
244 693
244 449
244 992
244 885
244 478
244 324
244 654
244 522
244 217
244 300
244 267
245 240
245 322
245 62
245 646
245 11
245 540
245 364
245 427
245 344
245 960
245 500
245 170
245 296
245 780
246 308
246 314
246 989
246 868
246 266
246 321
246 783
246 536
246 467
246 401
246 121
246 272
247 548
247 669
247 570
247 94
247 244
247 616
247 333
248 134
248 829
248 279
248 34
248 924
248 748
248 655
249 16
249 134
249 104
249 944
249 319
249 273
249 462
249 34
249 225
249 18
249 951
249 719
249 76
249 789
249 314
249 597
250 282
250 493
250 972
250 859
250 331
250 940
250 368
250 79
250 153
250 10
251 175
251 90
251 816
251 240
251 570
251 902
251 217
251 752
251 403
252 88
252 84
252 331
252 782
252 175
252 648
252 466
252 136
253 204
253 905
253 272
253 381
253 777
253 249
253 661
253 595
253 651
253 420
253 231
254 705
254 558
254 502
254 656
254 32
254 473
254 968
254 688
254 488
254 235
254 399
255 350
255 180
255 943
255 780
255 857
255 332
255 891
255 720
256 424
256 309
256 234
256 156
256 361
256 615
256 472
256 723
256 19
256 104
257 893
257 986
257 808
257 192
257 65
257 650
257 694
257 72
257 424
257 624
258 286
258 283
258 201
258 487
258 974
258 754
258 457
258 684
258 709
258 480
259 591
259 683
259 762
259 854
259 233
259 907
259 0
259 880
259 121
259 275
259 340
259 425
260 546
260 356
260 598
260 476
260 487
260 608
260 695
260 859
261 298
261 188
261 253
261 483
261 180
261 535
261 771
261 932
261 449
261 977
261 404
261 258
261 685
262 101
262 106
262 194
262 130
262 159
262 731
262 791
262 609
262 173
263 447
263 147
263 587
263 131
263 181
263 429
263 123
264 355
264 974
264 560
264 439
264 75
264 877
264 965
264 976
264 500
264 60
264 309
265 453
265 429
265 154
265 229
265 274
265 454
265 509
266 177
266 16
266 615
266 125
266 952
266 281
266 394
266 187
266 528
266 668
266 167
266 617
267 426
267 319
267 924
267 578
267 917
267 730
267 681
267 739
267 552
267 717
268 552
268 4
268 818
268 691
268 360
268 835
268 544
268 302
268 507
269 601
269 590
269 536
269 122
269 295
269 975
269 669
269 784
269 972
269 558
269 604
269 8
269 103
269 598
269 93
270 5
270 53
270 349
270 547
270 216
270 491
270 623
270 738
270 411
271 655
271 448
271 885
271 525
271 801
271 415
271 760
271 925
271 573
271 949
271 666
271 536
271 261
272 221
272 141
272 675
272 56
272 838
272 460
272 851
272 176
272 728
272 820
272 291
272 587
272 564
272 35
272 881
272 546
272 666
272 179
272 157
272 627
273 957
273 374
273 278
273 426
273 720
273 929
273 754
273 788
273 235
273 515
274 369
274 542
274 213
274 222
274 739
274 206
274 990
274 330
275 420
275 354
275 694
275 280
275 665
275 132
275 759
275 56
275 444
275 15
275 873
275 381
275 657
276 625
276 514
276 491
276 742
276 880
276 218
276 16
276 338
276 74
276 941
276 565
276 7
276 221
276 428
276 390
276 454
277 444
277 755
277 249
277 747
277 140
277 805
277 110
278 907
278 44
278 216
278 201
279 450
279 590
279 94
279 280
279 606
279 822
279 354
279 585
279 619
279 399
280 607
280 442
280 519
280 39
280 227
280 372
281 309
281 30
281 569
281 544
281 192
281 743
281 215
281 355
281 421
281 788
281 343
282 627
282 203
282 56
282 151
282 719
282 460
282 955
282 303
282 61
282 270
283 692
283 110
283 475
283 519
283 470
283 580
283 108
283 336
283 28
283 786
283 531
284 226
284 722
284 590
284 406
284 202
284 562
285 967
285 777
285 840
285 483
285 984
286 899
286 120
286 994
286 684
286 473
286 13
286 112
286 713
286 552
286 54
286 997
286 735
286 44
287 659
287 22
287 832
287 698
287 192
287 376
287 852
287 93
287 737
287 677
287 444
287 191
287 49
287 500
288 309
288 4
288 637
288 149
288 954
288 12
288 38
288 15
288 178
288 871
288 392
288 512
288 830
289 913
289 909
289 906
289 496
289 232
289 409
289 493
289 318
290 773
290 612
290 714
290 413
290 996
290 724
290 867
290 427
290 137
291 165
291 981
291 429
291 124
291 561
291 610
291 247
291 507
291 804
291 448
291 287
291 589
291 994
292 451
292 560
292 226
292 818
292 147
292 773
293 98
293 109
293 522
293 973
293 754
293 666
293 591
293 866
294 672
294 986
294 634
294 918
294 490
294 283
294 237
294 653
294 262
294 383
294 499
294 575
295 464
295 629
295 270
295 748
295 979
295 990
295 735
295 392
295 289
296 907
296 363
296 847
296 95
296 139
296 35
296 321
296 724
296 361
297 686
297 412
297 532
297 958
297 211
297 277
297 658
297 750
297 376
297 839
297 528
297 467
297 580
298 463
298 31
298 450
298 861
298 360
298 596
298 90
298 464
298 684
298 764
298 620
298 480
299 731
299 483
299 388
299 283
299 105
299 380
299 232
300 733
300 486
300 386
301 296
301 318
301 531
301 171
301 374
301 964
301 931
301 401
301 705
301 892
302 336
302 108
302 33
302 246
302 301
302 4
302 508
302 145
302 783
302 355
302 487
303 905
303 345
303 873
303 466
303 808
303 468
303 182
303 902
304 353
304 858
304 421
304 212
304 79
304 204
304 592
304 110
304 341
304 814
304 866
304 441
305 930
305 849
305 221
305 570
305 505
305 839
305 916
305 781
306 492
306 933
306 726
306 176
306 577
306 483
306 329
306 304
307 877
307 128
307 446
307 175
307 197
307 167
308 701
308 538
308 743
308 840
308 192
308 422
308 572
308 825
308 756
308 503
308 691
308 751
308 501
308 5
309 187
309 391
309 380
309 485
309 166
309 78
309 969
309 58
310 674
310 452
310 8
310 371
310 763
310 455
310 772
310 409
310 204
311 959
311 377
311 862
311 109
311 616
311 304
311 656
311 491
312 58
312 81
312 345
312 852
312 760
312 759
312 318
312 604
312 394
312 777
312 392
313 379
313 80
313 310
313 689
313 861
313 135
313 82
313 225
313 50
313 924
313 495
313 737
313 444
313 697
314 757
314 802
314 407
314 971
314 396
315 538
315 646
315 437
315 629
315 46
315 278
315 751
315 518
315 353
315 870
315 722
316 770
316 407
316 104
316 984
316 38
316 111
316 827
316 752
316 845
316 977
317 196
317 428
317 835
317 62
317 52
317 837
318 485
318 158
318 457
318 966
318 935
318 528
318 683
318 375
318 675
318 763
318 510
318 70
318 290
318 750
319 31
319 260
319 953
319 291
319 820
319 602
319 514
319 784
319 387
320 693
320 994
320 160
320 94
320 734
320 315
320 986
320 661
321 324
321 393
321 930
321 216
321 518
321 883
321 988
322 850
322 953
322 182
322 21
322 175
322 305
322 52
322 141
322 575
322 598
322 994
322 741
322 337
322 135
323 862
323 253
323 431
323 739
323 859
323 309
323 714
323 118
323 921
323 161
324 216
324 129
324 175
324 556
324 671
324 960
324 638
324 222
324 739
324 251
324 534
324 292
325 238
325 64
325 962
325 5
325 602
325 767
325 530
325 927
325 784
325 226
325 671
326 894
326 18
326 409
326 602
326 901
326 625
326 243
326 59
326 631
326 899
326 891
326 22
327 621
327 532
327 242
327 273
327 953
327 568
328 914
328 925
328 548
328 592
328 181
328 234
328 90
328 695
328 73
328 868
329 591
329 387
329 272
329 410
329 708
329 504
329 220
329 253
329 562
329 738
329 302
329 116
329 420
330 682
330 152
330 431
330 292
330 472
330 648
330 96
330 778
330 551
330 903
331 421
331 327
331 798
331 150
331 744
331 386
331 301
331 906
332 620
332 948
332 488
332 419
332 308
332 590
332 548
332 64
332 834
332 900
332 739
332 509
333 508
333 247
333 997
334 856
334 477
334 950
334 956
334 126
334 941
334 600
334 611
334 963
334 728
335 933
335 175
335 514
335 151
335 685
335 278
335 608
335 369
335 732
336 237
336 713
336 837
336 37
336 730
336 319
336 324
336 579
336 887
336 392
336 762
337 964
337 582
337 64
337 410
337 300
337 963
337 50
337 693
337 935
338 651
338 556
338 754
338 730
338 872
338 432
338 27
338 126
338 528
339 519
339 606
339 587
339 456
339 157
339 674
339 155
339 848
339 211
339 395
339 244
339 896
339 324
340 286
340 418
340 447
340 234
340 3
340 89
340 947
340 86
340 416
340 35
341 128
341 112
341 244
341 572
341 554
341 730
341 976
341 800
341 204
342 317
342 89
342 881
342 727
342 679
342 118
342 263
342 546
343 637
343 237
343 75
343 259
343 988
343 631
343 447
343 286
343 424
343 710
343 140
343 186
343 532
343 348
343 630
343 514
343 948
344 789
344 960
344 266
344 243
344 977
344 609
345 202
345 61
345 291
345 97
345 142
345 989
345 40
345 524
345 711
345 0
346 42
346 240
346 167
346 915
346 723
346 319
346 784
347 684
347 532
347 88
347 755
347 646
347 508
347 242
347 690
347 635
347 283
347 971
347 166
347 580
347 195
348 406
348 598
348 800
348 305
348 129
348 49
348 370
348 447
348 596
349 896
349 579
349 580
349 969
349 394
349 306
349 207
349 475
349 497
349 495
349 781
350 406
350 637
350 607
350 253
350 641
350 971
350 251
350 126
350 5
351 491
351 125
351 302
351 368
351 740
351 13
351 167
351 659
351 692
352 910
352 651
352 733
352 315
352 287
352 259
352 116
352 511
352 768
352 37
352 32
353 632
353 52
353 893
353 569
353 440
353 196
353 817
353 838
353 723
353 378
353 266
353 358
353 534
353 314
353 866
353 713
354 205
354 656
354 255
354 816
354 332
354 451
354 220
354 690
354 545
354 765
354 411
355 100
355 163
355 30
355 910
355 824
355 913
355 872
355 597
355 432
355 7
356 539
356 752
356 500
356 36
356 864
356 718
356 133
356 670
356 857
356 497
356 757
356 389
356 147
357 200
357 626
357 328
357 43
357 89
357 779
357 546
357 822
357 877
357 896
357 137
357 311
357 639
358 188
358 308
358 48
358 692
358 876
358 99
358 888
358 982
358 476
358 399
358 925
358 97
358 263
358 565
359 210
359 9
359 500
359 577
359 18
359 821
359 946
360 498
360 917
360 240
360 426
360 959
360 517
360 484
360 359
361 901
361 425
361 793
361 589
361 183
361 827
361 459
361 805
361 922
361 680
361 601
361 249
362 82
362 299
362 443
362 785
362 566
362 612
362 986
362 9
362 692
362 846
362 346
362 357
362 88
362 694
362 418
363 429
363 332
363 670
363 373
363 597
363 15
363 820
364 116
364 26
364 975
364 490
364 7
364 317
364 915
364 885
364 822
364 767
364 787
364 229
365 693
365 960
365 312
365 232
365 518
365 823
365 514
366 312
366 952
366 116
366 523
366 351
366 929
366 654
366 419
366 804
367 970
367 218
367 225
367 974
367 94
367 34
367 536
368 104
368 315
368 783
368 802
368 725
368 630
368 484
369 311
369 656
369 924
369 463
369 980
369 960
369 278
369 19
369 548
369 240
369 643
369 434
369 266
370 87
370 201
370 897
370 690
370 936
370 62
370 691
370 438
370 532
370 584
370 452
370 996
371 811
371 100
371 364
371 947
371 529
371 114
371 224
371 139
371 7
371 677
371 512
372 181
372 398
372 24
372 569
372 829
372 631
372 975
373 989
373 750
373 13
373 695
373 992
373 646
373 506
373 115
374 891
374 754
374 122
374 352
374 662
375 329
375 519
375 320
375 706
375 632
376 222
376 589
376 773
376 99
376 202
376 439
376 117
376 48
376 710
376 446
376 581
376 58
376 403
377 621
377 61
377 2
377 558
377 668
377 164
377 744
377 509
378 308
378 482
378 914
378 342
378 199
378 937
378 486
378 332
378 996
378 853
378 863
379 349
379 165
379 897
379 356
379 971
379 28
379 820
379 822
379 164
379 904
379 882
379 803
379 610
379 771
379 114
379 177
379 867
379 75
379 502
380 768
380 412
380 157
380 207
380 621
380 93
380 235
380 931
380 724
380 517
380 924
380 418
380 891
380 293
380 876
381 783
381 277
381 4
381 692
381 538
381 393
381 454
381 91
381 36
381 762
382 612
382 336
382 19
382 489
382 341
382 770
382 187
382 340
382 692
383 240
383 164
383 333
383 931
383 140
383 105
383 881
383 582
383 592
383 960
383 638
383 814
383 58
383 705
383 386
383 528
383 436
383 896
384 203
384 436
384 222
384 839
384 586
384 996
384 309
384 452
384 844
385 527
385 464
385 102
385 520
385 226
385 172
385 898
385 458
386 837
386 514
386 479
386 520
386 467
386 92
386 587
386 959
386 216
387 713
387 912
387 527
387 142
387 402
387 466
387 873
387 286
387 596
388 371
388 111
388 798
388 554
388 194
388 283
388 835
388 933
388 892
388 781
388 376
388 192
388 695
388 258
388 354
388 906
388 926
389 39
389 290
389 53
389 503
389 44
389 957
389 643
389 577
390 201
390 786
390 610
390 68
390 878
390 106
391 494
391 337
391 598
391 414
391 484
391 139
391 800
391 961
391 528
391 418
391 993
391 970
392 908
392 690
392 53
392 328
392 544
392 368
392 643
392 341
393 399
393 973
393 86
393 342
393 871
393 624
393 286
393 88
393 313
393 957
393 565
393 729
393 190
393 639
394 742
394 419
394 890
394 395
394 943
394 989
394 612
394 990
394 860
394 607
394 584
394 849
394 401
394 830
395 481
395 142
395 430
395 475
395 970
395 149
395 72
395 909
396 744
396 858
396 22
396 423
396 510
396 636
397 865
397 608
397 539
397 601
397 739
397 193
397 496
397 942
397 711
397 708
397 983
397 329
398 736
398 119
398 133
398 254
398 676
398 27
398 588
398 61
398 994
398 744
399 865
399 345
399 95
399 761
399 640
399 747
399 789
399 613
399 338
399 844
399 707
399 938
399 446
400 44
400 917
400 146
400 623
400 424
400 504
400 442
400 585
400 241
401 590
401 528
401 109
401 725
401 113
401 344
401 764
401 360
401 570
402 579
402 556
402 849
402 711
402 619
402 963
402 120
402 166
402 239
402 206
402 767
402 403
402 926
403 197
403 32
403 457
403 622
403 355
403 708
403 843
404 665
404 2
404 90
404 284
404 303
404 601
404 711
405 552
405 111
405 559
405 813
405 538
405 198
405 990
405 638
406 927
406 523
406 363
406 103
406 174
406 89
406 890
406 115
407 997
407 503
407 815
407 116
407 346
407 542
407 311
407 932
407 866
407 972
407 305
407 904
407 776
408 67
408 727
408 558
408 30
408 534
408 852
408 278
409 213
409 832
409 306
409 127
409 556
409 173
409 132
409 363
409 247
410 750
410 542
410 192
410 305
410 34
410 342
410 838
410 534
410 488
410 131
410 722
410 711
411 946
411 181
411 192
411 559
411 757
411 932
411 912
411 824
412 794
412 414
412 101
412 401
412 278
412 209
412 901
412 197
412 502
412 86
412 793
412 936
412 938
413 462
413 975
413 147
413 865
413 167
413 188
413 418
413 277
413 231
413 879
413 131
413 870
413 67
414 661
414 41
414 110
414 87
414 567
414 623
414 278
414 568
414 532
414 910
414 52
414 855
415 895
415 71
415 830
415 104
415 956
415 747
415 545
415 897
415 402
415 152
416 455
416 565
416 851
416 891
416 113
416 591
416 734
416 717
416 611
417 195
417 376
417 838
417 386
417 439
417 241
417 54
417 344
417 102
417 62
417 242
418 837
418 288
418 808
418 711
418 612
418 864
419 487
419 503
419 504
419 955
419 493
419 121
419 132
419 618
419 992
420 963
420 56
420 694
420 618
420 483
420 999
420 361
420 790
420 326
420 909
420 599
421 949
421 186
421 726
421 749
421 236
421 323
421 48
421 13
421 623
421 172
422 113
422 612
422 194
422 491
422 163
422 900
422 276
422 599
422 68
422 648
423 36
423 701
423 57
423 219
423 309
423 171
423 699
423 525
423 250
423 806
423 419
423 557
423 458
424 977
424 878
424 177
424 804
424 690
424 642
424 697
424 678
424 491
425 993
425 707
425 841
425 568
425 645
425 364
425 889
425 834
425 558
425 921
426 254
426 419
426 915
426 478
426 827
426 689
426 157
426 531
426 46
426 322
426 90
426 118
427 441
427 694
427 235
427 990
427 358
427 501
427 163
427 691
427 197
427 329
428 495
428 892
428 815
428 893
428 961
428 921
428 800
428 479
428 754
428 27
428 159
429 389
429 256
429 329
429 259
429 878
429 570
429 243
429 936
429 77
429 293
430 800
430 565
430 884
430 648
430 824
430 439
430 76
430 753
430 179
430 674
431 728
431 107
431 342
431 773
431 14
431 754
431 148
431 819
432 254
432 863
432 196
433 80
433 254
433 452
433 865
433 538
433 120
433 511
433 277
433 266
434 256
434 950
434 833
434 712
434 362
434 799
434 524
434 299
434 295
434 901
434 27
434 192
435 615
435 222
435 464
435 113
435 863
435 280
435 95
436 568
436 608
436 411
436 30
436 8
436 811
436 813
436 153
436 793
436 474
436 519
437 888
437 572
437 874
437 311
437 213
437 345
437 840
437 480
438 496
438 234
438 309
439 320
439 897
439 583
439 928
439 97
439 314
439 337
439 162
439 24
439 66
439 679
439 487
439 98
440 633
440 985
440 550
440 396
440 379
440 984
440 852
440 322
440 178
441 818
441 685
441 904
441 409
441 156
441 665
441 940
441 280
441 456
441 38
442 828
442 624
442 207
442 991
442 100
442 494
442 123
442 378
442 418
443 45
443 842
443 127
443 462
443 583
443 817
443 879
443 526
443 944
444 502
444 642
444 710
444 248
444 434
444 404
444 267
444 562
445 232
445 151
445 327
445 500
445 610
445 304
445 524
445 9
445 472
446 200
446 389
446 442
446 741
446 912
446 636
446 436
446 576
446 277
446 819
446 244
446 767
446 539
446 69
447 356
447 120
447 549
447 648
447 756
447 514
447 567
448 169
448 54
448 922
448 449
448 551
448 727
448 40
448 348
448 146
449 691
449 396
449 386
449 797
449 831
449 57
449 675
449 351
449 670
449 238
450 525
450 543
450 730
450 774
450 69
450 944
450 506
450 522
450 227
451 798
451 124
451 780
451 133
451 47
451 760
451 719
451 788
451 238
451 751
451 38
451 234
451 707
451 14
452 176
452 8
452 235
452 212
452 96
452 326
452 871
452 710
452 480
452 477
452 868
452 420
452 98
452 472
452 424
452 876
452 968
452 669
453 366
453 348
453 981
453 891
453 976
453 956
454 467
454 656
454 945
454 175
454 428
454 12
454 283
454 360
455 320
455 753
455 739
455 859
455 876
456 385
456 314
456 344
456 84
456 523
457 488
457 971
457 100
457 998
457 415
457 360
457 318
457 739
457 310
457 233
458 185
458 492
458 854
458 467
458 678
458 517
458 701
458 520
458 177
458 958
458 252
458 804
458 932
458 886
458 765
459 166
459 761
459 701
459 398
459 393
460 539
460 607
460 749
460 826
460 479
460 344
460 322
460 249
460 722
460 350
461 888
461 977
461 10
461 338
461 131
461 628
461 306
461 812
461 281
461 851
461 639
461 921
461 250
462 842
462 437
462 30
462 126
462 243
462 276
462 25
462 168
462 748
462 890
462 527
463 84
463 208
463 819
463 396
463 528
463 873
463 574
463 607
463 904
463 474
463 254
464 215
464 3
464 333
464 857
464 462
464 825
464 271
464 128
464 491
465 984
465 5
465 730
465 899
465 294
465 586
465 223
466 441
466 665
466 656
466 112
466 365
466 376
466 394
466 869
466 906
466 323
466 690
466 85
467 81
467 959
467 207
467 414
467 333
467 454
467 762
467 383
467 603
467 354
467 561
467 77
467 395
468 101
468 456
468 571
468 388
468 342
468 932
468 999
468 399
468 790
468 209
468 385
468 458
469 613
469 488
469 713
469 653
469 562
469 634
469 338
469 509
469 808
469 915
469 984
469 597
469 310
469 75
469 14
469 428
470 157
470 661
470 138
470 249
470 697
470 752
470 444
470 972
470 101
470 816
470 834
471 919
471 389
471 279
471 282
471 403
471 78
471 254
471 377
471 580
472 424
472 813
472 255
472 973
472 188
472 9
472 987
472 382
472 4
472 147
472 906
473 470
473 587
473 900
473 365
473 227
473 469
473 616
473 754
473 6
473 476
473 982
473 274
473 859
474 431
474 486
474 423
474 198
474 755
474 215
475 897
475 510
475 740
475 250
475 31
475 26
475 990
475 561
475 617
475 16
475 907
475 481
475 964
476 178
476 347
476 102
476 773
476 664
476 462
476 137
477 980
477 832
477 712
477 490
477 306
477 246
477 108
477 213
477 834
477 387
477 840
477 714
478 326
478 493
478 467
478 961
478 915
478 823
478 212
478 534
478 623
478 715
478 59
478 905
478 804
479 669
479 495
479 797
479 332
479 793
480 139
480 604
480 30
480 515
480 280
480 203
480 684
480 398
480 531
480 66
481 811
481 636
481 560
481 422
481 491
481 932
481 596
481 706
481 441
481 413
481 940
481 230
482 291
482 718
482 923
482 221
482 348
482 865
482 198
482 943
482 74
482 504
483 859
483 766
483 375
483 573
483 757
483 520
483 851
483 74
483 902
483 748
483 173
483 162
483 604
484 685
484 825
484 837
484 193
484 9
484 449
484 700
484 612
484 920
484 621
484 701
484 402
485 841
485 312
485 391
485 345
485 620
485 903
485 716
485 25
485 583
485 652
485 591
485 890
485 384
485 594
485 490
486 62
486 589
486 124
486 363
486 510
486 415
486 409
486 156
486 736
487 476
487 536
487 131
487 824
487 867
487 755
487 920
487 337
487 134
487 761
487 495
488 176
488 899
488 261
488 914
488 455
488 224
488 659
489 312
489 521
489 967
489 185
489 819
489 267
489 234
489 908
489 6
489 546
489 348
489 115
490 983
490 64
490 610
490 423
490 91
490 285
491 492
491 640
491 144
491 943
491 637
491 154
491 412
491 550
491 241
491 670
491 809
491 291
492 620
492 543
492 476
492 313
492 687
492 126
492 760
493 219
493 363
493 875
493 254
493 728
493 659
493 946
493 492
493 676
493 722
493 745
493 655
493 641
493 533
493 623
493 830
494 92
494 784
494 308
494 847
494 467
494 995
494 24
494 254
495 522
495 622
495 560
495 450
495 736
495 569
495 737
495 365
495 387
495 625
495 603
496 684
496 777
496 984
496 416
496 10
496 736
496 910
496 679
496 947
496 242
496 495
497 190
497 48
497 441
497 309
497 434
497 533
497 703
497 725
497 470
497 215
498 300
498 641
498 118
498 324
498 654
498 137
498 728
498 266
498 136
498 977
498 328
498 694
498 617
499 758
499 731
499 465
499 685
499 201
499 894
499 479
500 342
500 651
500 337
500 469
500 217
500 998
500 443
500 875
500 631
500 697
500 774
501 717
501 363
501 288
501 495
501 766
501 283
501 407
501 568
501 729
501 36
501 864
501 404
501 251
501 347
501 922
501 471
501 609
501 601
501 788
501 284
501 721
501 957
502 462
502 367
502 182
502 435
502 12
502 265
502 431
502 662
502 527
502 632
503 108
503 461
503 692
503 956
503 822
503 118
503 28
503 541
503 563
503 82
504 977
504 449
504 872
504 858
504 854
504 459
504 879
504 402
504 662
505 298
505 760
505 537
505 162
505 868
505 912
506 298
506 333
506 267
506 921
506 115
506 851
506 843
506 468
506 238
506 672
506 373
506 527
506 786
506 372
506 453
506 170
506 354
506 662
506 639
507 690
507 269
507 711
507 4
507 234
507 937
507 992
507 879
507 350
507 71
507 554
507 754
508 526
508 291
508 306
508 973
508 456
508 669
508 600
508 334
508 532
508 160
508 252
508 515
508 706
509 949
509 141
509 74
509 331
509 276
509 804
509 279
509 527
509 241
509 93
510 227
510 375
510 588
510 636
510 229
510 917
510 921
510 547
510 506
511 63
511 748
511 666
511 934
511 406
511 326
511 740
511 984
512 835
512 549
512 275
512 312
512 840
512 603
512 453
513 467
513 293
513 176
513 572
513 122
513 708
513 98
514 703
514 772
514 804
514 434
514 652
514 951
514 145
514 536
514 337
514 960
514 972
514 263
515 267
515 93
515 606
515 319
515 930
515 700
515 672
515 810
515 151
515 131
515 824
515 923
515 868
515 918
516 453
516 773
516 36
516 33
516 570
516 295
517 587
517 646
517 141
517 540
517 958
517 486
517 475
517 798
517 699
518 144
518 604
518 334
518 978
518 510
518 464
518 422
518 224
518 38
518 588
518 551
518 837
519 881
519 163
519 92
519 379
519 852
519 514
519 253
519 80
520 935
520 757
520 185
520 97
520 967
520 956
520 879
520 574
520 13
520 585
520 683
521 689
521 175
521 796
521 779
521 509
521 682
521 305
521 657
521 910
521 99
521 950
521 596
521 642
521 959
521 617
521 439
521 395
522 797
522 396
522 417
522 736
522 408
522 2
523 476
523 671
523 67
524 905
524 17
524 501
524 166
524 833
524 295
524 341
524 452
524 72
524 94
524 83
524 588
524 345
524 702
524 637
524 867
525 102
525 550
525 451
525 114
525 147
525 360
525 404
525 438
525 174
526 491
526 719
526 591
526 230
526 373
526 520
526 267
526 883
526 617
526 357
526 350
527 419
527 198
527 531
527 670
527 772
527 842
527 568
528 211
528 330
528 272
528 241
528 912
528 505
528 50
528 977
528 97
528 427
529 744
529 935
529 305
529 404
529 774
529 776
529 556
530 476
530 12
530 868
530 753
530 213
530 970
531 785
531 447
531 315
531 997
531 254
531 974
531 248
531 175
532 740
532 530
532 199
532 23
532 918
532 444
532 9
532 130
532 43
532 296
532 65
533 281
533 545
533 190
533 377
533 422
533 103
533 649
534 174
534 611
534 509
534 578
534 449
534 863
534 834
534 880
534 11
534 957
534 51
534 575
534 94
534 554
535 235
535 499
535 68
535 134
535 93
535 885
535 682
535 891
535 925
535 452
536 792
536 313
536 281
536 293
536 106
536 749
536 23
536 505
536 20
536 47
537 508
537 367
537 22
537 118
537 841
537 910
537 746
537 955
537 124
537 14
537 993
537 27
538 787
538 918
538 200
538 292
538 61
538 628
538 490
538 17
538 817
538 955
538 604
538 561
538 883
538 451
539 160
539 385
539 717
539 2
539 966
539 228
539 327
539 906
539 877
539 762
539 900
539 204
539 953
539 744
539 926
539 131
539 406
540 723
540 677
540 355
540 736
540 819
540 779
540 226
540 919
540 70
540 379
540 954
540 811
541 238
541 513
541 864
541 108
541 349
541 794
541 506
541 902
541 804
541 727
542 811
542 806
542 804
542 485
542 274
542 974
542 94
543 655
543 109
543 614
543 827
543 750
543 855
543 349
543 254
543 139
543 884
543 985
543 347
543 3
543 905
544 621
544 488
544 957
544 262
544 883
544 905
544 758
544 197
544 177
544 128
544 183
545 947
545 211
545 733
545 357
545 665
545 796
545 521
545 872
545 817
545 94
545 613
546 130
546 435
546 995
546 216
546 887
546 737
546 726
546 242
546 664
547 411
547 132
547 470
547 129
547 812
547 438
547 982
547 610
547 700
547 865
548 192
548 41
548 628
548 246
548 184
548 965
548 528
548 990
548 47
548 633
548 579
548 535
548 310
549 354
549 6
549 941
549 545
549 899
549 668
549 118
549 518
549 929
550 657
550 987
550 173
550 753
550 951
550 793
550 860
550 770
550 476
550 355
551 581
551 727
551 188
551 716
551 346
551 225
551 308
551 0
552 537
552 157
552 334
552 480
552 924
552 979
552 253
552 726
552 67
552 159
552 838
553 952
553 442
553 334
553 403
553 543
553 106
553 40
553 852
553 598
553 432
553 795
553 936
554 7
554 402
554 236
554 225
555 587
555 721
555 236
555 49
555 335
555 118
555 239
555 612
556 975
556 135
556 195
556 206
556 943
556 250
556 405
556 240
556 351
557 452
557 953
557 373
557 982
557 531
557 543
557 59
557 125
557 367
557 162
558 381
558 95
558 712
558 224
558 906
558 37
558 629
558 904
558 148
559 6
559 42
559 988
559 53
560 630
560 574
560 59
560 94
560 237
560 23
560 540
560 837
560 506
561 706
561 925
561 861
561 918
561 587
561 15
561 611
561 965
561 327
562 968
562 71
562 482
562 685
562 715
563 15
563 635
563 998
563 347
563 50
563 487
563 5
563 519
563 329
563 661
564 865
564 70
564 66
564 550
564 434
564 424
564 861
564 846
564 241
565 82
565 70
565 191
565 199
565 420
565 175
565 348
566 739
566 314
566 644
566 848
566 955
566 86
567 451
567 48
567 163
567 903
567 972
567 995
567 135
567 608
567 125
567 954
567 892
567 408
567 958
568 95
568 398
568 761
568 23
568 87
568 784
568 949
568 734
568 635
569 123
569 282
569 190
569 73
569 838
569 708
569 920
569 0
569 621
569 427
569 419
569 199
569 825
570 296
570 889
570 57
570 79
570 940
570 632
571 498
571 49
571 238
571 595
571 585
571 946
571 363
571 132
571 626
571 565
571 378
572 531
572 819
572 443
572 581
572 719
572 455
572 273
572 933
572 410
572 879
572 465
572 329
573 888
573 821
573 385
573 825
573 114
573 708
573 417
573 153
573 113
573 842
574 948
574 686
574 551
574 868
574 412
574 225
574 269
574 788
574 964
574 212
575 686
575 574
575 79
575 811
575 514
575 206
575 305
575 531
575 388
575 931
575 898
576 334
576 985
576 963
576 287
576 738
576 232
576 749
576 154
576 517
576 526
577 695
577 995
577 472
577 694
577 935
577 308
577 429
577 231
577 658
577 105
578 976
578 0
578 872
578 546
578 431
578 853
579 974
579 445
579 68
579 783
579 393
579 762
579 98
579 65
580 989
580 391
580 300
580 408
580 316
580 983
580 726
580 286
580 309
580 724
580 614
580 520
580 681
581 953
581 926
581 244
581 10
581 983
581 664
581 575
581 179
581 905
581 11
581 853
582 982
582 433
582 490
582 457
582 781
582 196
582 844
582 695
582 846
582 285
582 720
583 231
583 828
583 443
583 991
583 969
583 478
583 775
583 5
583 725
583 235
583 576
584 615
584 71
584 614
584 887
584 750
584 415
584 374
584 616
585 97
585 1
585 743
585 164
585 318
585 506
585 216
585 851
585 37
586 233
586 131
586 56
586 124
586 919
586 932
586 580
587 825
587 527
587 147
587 687
587 584
587 504
587 613
588 684
588 206
588 743
588 297
589 60
589 450
589 758
589 41
589 877
589 59
589 91
589 124
590 490
590 991
590 922
590 413
590 289
590 404
590 82
590 59
590 121
590 935
590 110
590 679
590 194
591 92
591 244
591 702
591 361
591 460
591 875
591 338
591 69
591 102
591 982
592 822
592 997
592 346
592 285
592 672
592 364
592 629
592 79
593 145
593 41
593 75
593 711
593 744
593 748
593 407
593 716
593 256
593 267
593 60
593 595
594 742
594 247
594 380
594 756
594 75
594 638
594 187
594 722
594 637
594 692
594 642
595 836
595 599
595 545
595 936
595 669
595 954
595 410
595 894
595 68
595 519
596 745
596 668
596 966
596 617
596 332
596 2
596 928
596 37
596 176
596 550
597 294
597 316
597 999
597 75
597 450
597 813
597 794
597 442
597 599
597 302
597 342
598 995
598 438
598 668
598 10
598 76
598 774
598 805
598 574
598 24
598 898
599 213
599 470
599 655
599 209
599 639
599 520
599 69
600 632
600 179
600 662
600 846
600 301
600 393
600 83
600 14
600 865
600 227
600 187
600 946
600 906
600 343
600 136
601 630
601 781
601 507
601 364
601 728
601 739
601 378
601 664
601 252
601 742
602 906
602 422
602 582
602 795
602 377
602 999
602 79
602 491
602 28
602 61
603 325
603 308
603 432
603 371
603 437
603 266
603 420
603 560
604 710
604 764
604 698
604 902
604 759
604 88
604 920
604 430
604 617
604 562
604 279
605 398
605 547
605 465
605 476
605 179
605 843
605 917
606 465
606 648
606 126
606 71
606 988
606 411
606 589
606 347
606 332
606 167
607 795
607 454
607 814
607 105
607 153
607 692
607 217
607 338
607 678
608 376
608 480
608 433
608 993
608 718
608 67
608 97
609 635
609 948
609 779
609 748
609 437
609 391
609 393
609 768
609 839
609 445
609 599
609 496
609 436
609 167
610 273
610 896
610 533
610 703
610 894
610 574
611 657
611 914
611 177
611 317
611 680
611 378
611 439
611 604
611 483
611 344
611 399
612 570
612 648
612 692
612 456
612 652
612 861
612 876
613 329
613 258
613 718
613 954
613 482
613 273
613 853
613 732
613 269
613 483
613 52
613 420
613 673
614 847
614 259
614 699
614 987
614 789
614 126
614 425
614 346
614 622
614 645
614 209
614 281
614 411
614 158
614 487
615 248
615 523
615 39
615 704
615 140
615 548
615 318
615 736
615 114
615 218
615 834
615 680
615 645
616 3
616 81
616 411
616 226
616 567
616 710
616 866
616 789
616 418
617 542
617 421
617 884
617 477
617 837
617 812
618 791
618 379
618 180
618 762
618 877
618 143
618 603
618 779
618 100
618 537
618 881
618 674
618 528
618 275
619 325
619 951
619 828
619 398
619 363
620 473
620 634
620 215
620 837
620 55
620 411
620 342
620 618
620 223
620 881
620 144
620 56
621 38
621 641
621 912
621 691
621 963
621 160
621 897
621 132
621 484
621 264
621 370
622 662
622 885
622 813
622 58
622 608
622 993
622 36
622 756
622 895
623 455
623 714
623 785
623 100
623 305
623 492
623 883
623 212
623 729
623 784
623 161
623 644
623 182
623 458
623 755
624 356
624 597
624 920
624 632
624 511
624 797
624 325
624 13
624 470
624 448
625 187
625 748
625 244
625 698
625 71
625 812
625 967
625 862
625 499
625 213
625 29
626 318
626 741
626 411
626 796
626 825
626 443
626 794
626 654
627 124
627 321
627 75
627 213
627 654
627 602
627 118
627 897
627 529
627 595
627 122
627 656
628 713
628 102
628 509
628 127
628 611
628 885
628 170
628 695
628 915
628 249
629 895
629 189
629 501
629 302
629 995
629 126
629 830
629 130
629 570
629 667
629 249
630 769
630 605
630 484
630 990
630 460
630 908
630 809
630 963
631 123
631 142
631 448
631 289
631 61
631 457
631 733
631 940
631 664
631 598
631 953
631 141
631 555
631 233
631 2
631 959
631 90
631 668
631 456
631 847
632 295
632 937
632 969
632 196
632 886
632 60
632 148
632 698
632 282
632 48
632 901
632 306
632 530
632 34
633 250
633 97
633 113
633 984
633 269
633 60
633 290
633 297
633 913
633 838
633 13
634 244
634 53
634 295
634 430
634 608
634 466
634 763
635 328
635 468
635 392
635 953
635 585
635 148
635 222
635 809
635 155
635 847
635 824
635 564
635 256
635 411
635 198
636 567
636 398
636 514
636 580
636 769
636 505
636 227
636 854
636 299
636 966
636 437
636 44
636 596
636 872
636 839
636 323
636 523
637 52
637 589
637 478
637 523
637 575
638 189
638 387
638 153
638 781
638 456
638 918
638 984
638 853
638 888
638 63
639 624
639 854
639 899
639 259
639 558
639 388
639 59
639 801
639 44
639 958
639 567
639 797
640 211
640 392
640 634
640 534
640 170
640 599
640 38
640 443
640 946
640 968
641 738
641 21
641 432
641 501
641 853
641 72
641 807
642 901
642 905
642 228
642 130
642 933
642 44
642 704
642 352
642 462
643 323
643 421
643 589
643 49
643 522
643 720
643 634
643 119
643 912
644 108
644 809
644 7
644 945
644 845
644 704
644 566
644 543
644 473
644 437
644 171
644 193
644 606
645 868
645 43
645 999
645 328
645 845
645 528
645 374
645 348
645 969
645 584
645 452
646 773
646 89
646 543
646 391
646 567
646 492
646 904
646 596
647 999
647 682
647 804
647 793
647 109
647 201
647 178
647 442
647 626
647 995
647 49
647 720
647 865
648 807
648 198
648 627
648 97
648 992
648 533
649 476
649 49
649 317
649 55
649 638
649 723
649 178
649 255
649 67
649 193
649 829
650 462
650 683
650 93
650 225
650 3
650 200
650 239
650 206
650 964
650 634
651 433
651 998
651 892
651 629
651 611
651 956
651 116
651 829
651 806
651 58
651 567
651 401
652 950
652 710
652 83
652 757
652 489
652 975
652 238
652 171
652 662
652 946
652 968
652 494
652 195
652 840
652 364
653 955
653 887
653 748
653 973
653 212
653 388
653 663
653 389
654 429
654 912
654 463
654 371
654 715
654 485
654 248
654 18
654 869
654 267
654 743
654 927
655 325
655 637
655 227
655 888
655 823
655 737
655 530
655 433
655 92
655 853
655 153
655 38
655 843
655 528
655 652
656 353
656 899
656 27
656 579
656 397
656 144
656 224
656 454
656 729
656 596
656 915
656 404
656 588
656 143
657 579
657 492
657 965
657 397
657 980
657 159
657 992
658 32
658 630
658 35
658 681
658 505
658 385
658 418
658 187
658 143
658 788
658 981
658 521
659 594
659 561
659 187
659 333
659 736
659 841
660 68
660 28
660 741
660 439
660 60
660 657
660 772
660 101
660 976
660 734
660 701
660 495
660 755
661 241
661 172
661 264
661 484
661 870
661 969
661 375
661 463
661 785
661 697
661 91
662 463
662 72
662 841
662 413
662 415
662 581
662 443
662 168
662 79
662 700
662 734
662 15
662 866
662 713
662 549
662 66
662 748
663 448
663 36
663 370
663 678
663 854
663 153
663 428
663 191
663 290
663 9
663 460
664 930
664 497
664 118
664 177
664 190
664 286
664 964
665 278
665 868
665 206
665 184
665 833
665 437
665 900
665 244
665 79
666 766
666 944
666 481
666 954
666 380
666 358
666 641
666 520
666 990
667 13
667 318
667 291
667 856
667 754
667 359
667 777
667 975
667 271
667 443
667 377
668 976
668 635
668 687
668 60
668 545
668 92
668 21
669 508
669 643
669 739
669 762
669 318
669 253
669 628
669 99
669 796
669 888
669 470
669 818
670 933
670 132
670 255
670 323
670 169
670 171
670 578
670 51
671 806
671 214
671 414
671 702
671 771
671 49
671 946
671 327
671 396
671 132
671 181
671 591
671 640
671 15
672 245
672 513
672 167
672 292
672 461
672 21
672 393
672 294
672 727
672 584
673 336
673 148
673 713
673 11
673 524
673 432
674 240
674 432
674 181
674 830
674 777
674 892
674 881
674 453
675 566
675 543
675 208
675 428
675 627
675 418
675 382
675 310
676 139
676 724
676 19
676 41
676 591
676 597
676 861
676 650
677 342
677 615
677 461
677 939
677 85
677 613
677 893
677 282
678 439
678 265
678 580
678 612
678 700
678 117
678 897
678 633
678 878
679 677
679 263
679 907
679 90
679 141
679 363
679 241
679 213
679 857
679 437
679 778
679 139
680 213
680 725
680 68
680 827
680 505
680 774
680 262
680 653
680 580
680 662
680 145
680 352
681 24
681 640
681 953
681 40
681 191
681 598
681 290
681 961
681 6
681 443
681 971
681 333
682 715
682 482
682 733
682 665
682 617
682 12
682 614
682 843
682 912
682 171
682 10
682 483
682 86
682 270
682 446
682 816
682 80
683 364
683 78
683 323
683 862
683 751
683 619
683 203
684 77
684 913
684 623
684 860
684 244
684 607
684 618
684 736
684 26
685 428
685 726
685 392
685 976
685 558
685 838
685 391
685 292
685 171
685 554
686 282
686 896
686 890
686 847
686 220
686 693
686 103
687 451
687 735
687 408
687 650
687 126
687 809
687 158
687 598
687 939
687 554
688 825
688 920
688 256
688 764
688 97
688 768
688 823
689 133
689 179
689 576
689 529
689 851
689 862
689 666
689 643
689 205
689 733
689 629
689 628
690 61
690 102
690 58
690 76
690 98
690 832
690 128
690 210
690 881
691 158
691 558
691 415
691 732
691 369
691 355
691 828
691 852
691 742
692 724
692 956
692 994
692 396
692 484
692 452
692 551
692 89
692 489
692 412
692 945
692 271
692 491
693 143
693 930
693 809
693 80
693 402
693 554
693 371
693 437
693 29
693 101
693 596
693 47
693 58
693 311
693 91
694 41
694 660
694 350
694 375
694 650
694 577
694 291
694 24
694 879
695 90
695 10
695 648
695 454
695 938
695 909
695 973
695 11
695 0
695 52
695 867
696 431
696 299
696 582
696 197
696 318
696 665
696 325
696 270
697 757
697 800
697 578
697 976
697 884
697 528
697 514
697 100
697 782
697 592
697 678
697 73
697 904
698 450
698 555
698 962
698 453
698 448
698 724
699 53
699 653
699 411
699 575
699 168
699 898
699 403
699 166
699 761
699 151
700 22
700 156
700 724
700 262
700 710
700 342
700 595
700 247
700 206
700 393
701 689
701 318
701 385
701 155
701 122
701 398
701 307
701 632
701 209
701 416
701 531
701 826
701 257
701 878
701 834
701 539
702 663
702 655
702 717
702 547
702 689
702 205
702 579
702 236
703 604
703 134
703 585
703 378
703 329
703 812
703 854
703 256
703 220
703 931
703 276
703 346
703 178
703 684
704 766
704 290
704 373
704 538
704 567
704 512
704 35
704 57
704 617
704 602
704 856
705 410
705 512
705 634
705 799
705 111
705 661
705 463
705 918
705 885
705 101
705 750
706 48
706 914
706 625
706 550
706 10
707 586
707 400
707 628
707 91
707 146
707 322
707 301
707 393
707 921
707 983
707 808
707 357
707 98
708 211
708 292
708 858
708 260
708 387
708 804
708 852
708 47
708 773
708 825
708 170
708 767
709 17
709 340
709 871
709 128
709 10
709 946
709 550
709 382
709 888
709 530
709 852
709 929
709 419
709 531
710 627
710 977
710 191
710 743
710 446
710 805
710 989
710 810
710 426
710 981
710 110
710 760
711 809
711 924
711 920
711 931
711 311
711 816
712 677
712 81
712 335
712 427
712 36
712 579
712 108
712 988
712 38
712 364
712 969
712 74
713 590
713 526
713 643
713 478
713 181
713 464
713 540
713 780
714 288
714 870
714 869
714 388
714 223
714 54
714 802
714 654
714 412
714 433
715 485
715 481
715 580
715 120
715 142
715 612
715 678
715 350
715 273
716 389
716 246
716 54
716 244
716 198
716 946
716 667
716 955
716 350
717 666
717 689
717 269
717 497
717 12
717 982
718 667
718 806
718 635
718 167
718 35
718 53
718 5
718 357
718 466
718 567
718 831
719 261
719 48
719 115
719 531
719 909
719 502
719 403
719 964
719 948
720 922
720 78
720 187
720 450
720 971
720 270
720 72
720 391
720 874
720 745
720 997
721 478
721 761
721 846
721 644
721 94
721 155
721 213
721 290
721 11
721 179
721 667
722 565
722 218
722 607
722 473
722 231
722 99
722 318
722 1
722 146
722 36
723 419
723 632
723 803
723 11
723 469
723 106
723 323
723 361
723 999
724 325
724 948
724 863
724 990
724 924
724 360
724 439
724 835
725 249
725 787
725 138
725 884
725 539
725 720
725 559
725 853
725 785
725 923
725 72
725 645
725 24
725 106
725 12
726 914
726 964
726 762
726 598
726 313
726 533
727 874
727 482
727 229
727 689
727 395
727 510
727 178
727 914
727 309
727 606
727 508
727 692
728 579
728 964
728 721
728 653
728 550
728 781
728 745
728 486
728 35
729 958
729 38
729 139
729 116
729 897
729 812
729 98
729 528
729 55
729 871
729 113
729 833
730 829
730 184
730 621
730 181
730 194
730 3
730 28
730 327
730 105
730 358
730 246
730 275
731 390
731 785
731 509
731 539
731 846
731 800
731 306
731 177
731 958
731 552
731 90
731 571
732 747
732 989
732 234
732 972
732 906
732 59
732 908
732 468
732 325
733 900
733 275
733 786
733 895
733 17
733 380
733 457
733 208
733 821
733 315
733 18
733 304
734 895
734 912
734 324
734 566
734 366
734 589
734 94
735 554
735 953
735 766
735 425
735 989
735 518
735 478
736 638
736 201
736 112
736 378
736 728
736 61
736 133
736 683
736 462
736 416
736 581
736 878
736 548
737 218
737 184
737 466
737 498
737 296
737 854
737 946
737 417
737 244
737 607
737 528
737 495
738 709
738 319
738 438
738 303
739 595
739 116
739 935
739 324
739 335
739 362
739 712
740 685
740 845
740 544
740 797
740 767
740 248
740 98
741 483
741 542
741 446
741 61
741 204
741 229
741 936
742 44
742 171
742 578
742 144
742 826
742 768
742 274
742 7
742 455
743 28
743 686
743 844
743 982
743 951
743 183
743 390
743 420
743 167
743 393
743 448
743 749
743 802
744 159
744 364
744 386
744 133
744 419
744 435
744 757
745 918
745 57
745 312
745 614
745 309
745 612
745 866
745 30
745 726
746 944
746 507
746 111
746 726
746 451
746 597
746 850
746 545
746 930
746 923
747 517
747 776
747 325
747 285
747 133
747 685
747 254
747 999
747 562
747 910
747 151
747 42
748 511
748 634
748 941
748 796
748 440
748 99
748 693
748 923
748 393
748 514
749 736
749 185
749 78
749 11
749 916
749 476
749 203
749 126
749 621
749 50
750 305
750 179
750 80
750 964
750 303
750 937
751 177
751 554
751 394
752 703
752 890
752 731
752 920
752 844
752 151
752 806
752 886
753 131
753 764
753 195
753 813
753 17
754 611
754 652
754 298
754 801
754 922
754 769
754 912
754 84
754 594
754 484
755 533
755 179
755 364
755 375
755 59
755 972
755 4
755 374
755 646
755 651
756 655
756 116
756 599
756 139
756 911
756 175
756 603
756 26
756 587
756 184
756 331
756 501
757 3
757 232
757 824
757 744
757 774
757 409
757 151
757 159
757 621
758 778
758 487
758 242
758 542
758 990
759 822
759 546
759 356
759 301
759 674
759 444
759 253
759 621
759 203
759 630
759 55
759 102
759 861
760 831
760 476
760 965
760 118
760 265
760 738
760 442
760 301
760 15
760 433
760 37
761 969
761 831
761 521
761 607
761 167
761 723
762 518
762 126
762 86
762 520
762 774
762 15
762 832
762 842
762 204
763 4
763 0
763 230
763 124
763 48
763 324
763 306
763 449
763 438
763 136
763 167
763 57
763 286
763 705
764 102
764 486
764 822
764 152
764 672
764 125
765 838
765 280
765 119
765 679
765 304
765 133
766 0
766 67
766 886
766 428
766 250
766 393
766 63
766 103
766 940
767 312
767 16
767 506
767 75
767 471
767 501
768 518
768 550
768 327
768 503
768 74
768 921
768 963
768 884
768 972
769 970
769 991
769 188
769 507
769 612
769 686
770 124
770 680
770 317
770 802
770 118
770 503
770 921
770 568
770 513
770 370
770 280
771 267
771 125
771 920
771 345
771 468
771 479
771 243
771 707
771 223
771 630
771 909
771 830
772 918
772 716
772 42
772 394
772 283
772 607
773 382
773 139
773 694
773 266
773 142
773 912
773 625
773 75
773 15
773 80
773 143
774 478
774 339
774 31
774 532
774 470
774 712
774 387
774 864
774 952
775 610
775 843
775 567
775 224
775 785
775 347
775 48
775 738
775 29
775 903
775 758
775 9
776 496
776 259
776 408
776 218
776 663
776 104
776 192
776 352
776 720
776 924
776 516
776 393
776 268
777 519
777 877
777 559
777 977
777 605
777 368
777 116
777 226
777 303
778 247
778 949
778 961
778 731
778 421
778 490
778 43
778 250
778 459
778 241
778 646
778 439
778 180
778 521
778 740
779 269
779 24
779 793
780 98
780 369
780 39
780 7
780 860
780 388
780 520
780 466
780 704
780 933
781 86
781 342
781 455
781 238
781 161
781 456
781 225
781 764
781 184
781 707
782 255
782 674
782 491
782 872
782 747
783 905
783 482
783 236
783 253
783 451
783 22
783 304
783 860
783 189
783 494
784 681
784 232
784 717
784 476
784 84
784 271
784 704
785 213
785 132
785 967
785 606
785 226
786 185
786 110
786 650
786 573
786 318
786 417
786 872
786 116
787 623
787 170
787 734
787 426
787 454
787 312
787 702
788 409
788 53
788 14
788 522
788 908
788 325
788 606
788 441
788 613
789 578
789 464
789 539
789 869
789 188
789 731
789 14
789 997
789 194
789 933
790 796
790 118
790 214
790 858
790 893
790 857
790 894
790 597
790 247
790 907
790 699
790 754
791 474
791 108
791 20
791 852
791 55
791 480
791 510
791 435
792 950
792 296
792 256
792 255
792 816
792 471
792 735
792 383
792 229
792 195
793 246
793 433
793 749
793 977
793 757
793 822
793 472
793 237
794 306
794 842
794 367
794 862
794 939
794 902
794 924
794 703
794 547
795 849
795 704
795 242
795 804
795 94
795 421
795 52
795 449
795 984
795 5
796 656
796 831
796 353
796 527
796 74
796 36
796 825
796 385
796 693
796 834
796 790
797 815
797 919
797 560
797 98
797 260
797 7
797 554
797 774
797 464
798 950
798 482
798 549
798 408
798 546
798 19
798 663
798 930
798 405
798 727
798 926
798 903
798 784
798 669
798 64
799 852
799 712
799 273
799 215
799 697
799 165
799 187
799 617
800 761
800 807
800 998
800 154
800 611
800 340
800 980
801 755
801 372
801 406
801 820
801 414
801 210
801 220
801 77
801 242
801 806
801 484
801 708
802 127
802 782
802 343
802 137
802 781
802 871
802 963
802 818
802 139
802 65
802 755
802 364
802 244
802 85
802 637
802 560
802 170
802 889
802 636
803 321
803 800
803 985
803 749
803 614
803 784
804 370
804 416
805 76
805 66
805 297
805 848
805 515
805 662
805 343
805 706
806 188
806 958
806 730
806 687
806 34
807 578
807 183
807 114
807 208
807 162
807 277
807 957
807 43
807 549
807 709
807 841
807 753
808 145
808 914
808 825
808 841
808 880
808 259
808 328
808 926
808 853
808 278
808 807
808 784
808 551
808 463
808 884
808 271
808 491
809 430
809 555
809 172
809 788
809 888
809 910
809 921
809 112
809 310
809 235
810 876
810 2
810 485
810 539
810 473
810 114
810 378
810 30
810 250
810 350
810 421
811 708
811 838
811 435
811 97
811 63
811 244
811 745
811 514
811 27
811 486
811 490
811 59
811 92
811 315
811 816
811 931
811 691
811 991
812 502
812 761
812 948
812 382
812 862
812 870
813 601
813 353
813 419
813 197
813 450
813 618
813 50
813 965
813 413
813 467
813 99
813 154
814 329
814 172
814 358
814 317
814 520
814 278
814 371
814 239
814 946
815 247
815 443
815 677
815 393
815 361
815 449
815 387
815 890
815 142
815 781
816 719
816 182
816 28
816 763
816 609
816 264
816 385
816 117
816 754
816 777
816 161
816 493
816 582
816 32
817 256
817 175
817 236
817 401
817 787
817 74
817 338
817 596
817 970
817 767
817 721
817 977
817 416
818 433
818 246
818 662
818 432
818 405
818 497
818 428
818 193
818 630
818 745
818 482
818 746
818 832
818 50
818 205
818 698
819 9
819 471
819 474
819 566
819 589
819 798
819 749
819 771
819 145
819 651
819 965
819 19
820 952
820 838
820 474
820 829
820 921
820 448
820 352
820 522
820 518
820 587
820 235
820 234
821 561
821 841
821 36
821 805
821 832
821 756
821 884
821 488
821 867
821 727
821 452
821 863
821 771
822 451
822 29
822 235
822 290
822 356
822 331
822 314
822 109
822 10
823 64
823 569
823 629
823 675
823 90
823 711
823 120
823 690
823 140
823 839
823 724
823 303
823 740
823 605
824 985
824 242
824 957
824 448
824 293
824 258
825 331
825 736
825 506
825 874
825 70
825 206
825 794
825 426
825 286
825 198
825 80
825 494
825 901
825 692
826 633
826 696
826 386
826 56
826 265
826 130
826 185
826 625
827 167
827 907
827 551
827 0
827 462
827 416
827 867
827 175
827 582
827 334
827 180
828 643
828 493
828 603
828 229
828 922
828 547
828 778
828 722
828 95
828 905
829 462
829 88
829 708
829 634
829 920
829 210
829 690
829 140
829 889
829 9
830 666
830 724
830 414
830 168
830 745
830 536
830 15
831 772
831 603
831 353
831 169
831 739
831 934
831 899
831 692
831 594
831 19
831 437
831 29
831 346
831 160
832 460
832 800
832 610
832 71
832 148
832 732
832 733
832 172
832 642
833 766
833 786
833 38
833 356
833 125
833 242
833 12
833 252
833 714
834 393
834 314
834 810
834 758
834 22
834 804
834 283
834 144
834 75
834 719
834 510
834 150
834 587
834 818
834 31
835 198
835 42
835 811
835 535
835 743
835 622
835 941
835 665
835 46
835 805
835 910
835 998
836 489
836 93
836 135
836 199
836 400
836 169
837 833
837 169
837 365
837 885
837 467
837 127
837 388
837 784
838 496
838 579
838 218
838 801
838 105
838 109
838 450
838 245
839 190
839 630
839 890
839 291
839 409
840 668
840 346
840 753
840 764
840 654
840 932
840 12
840 817
840 463
840 535
840 305
840 308
841 757
841 784
841 905
841 556
841 676
841 44
841 198
841 890
841 480
842 142
842 661
842 806
842 553
842 471
842 61
842 173
842 536
843 813
843 941
843 820
843 817
843 574
843 541
843 873
843 903
843 482
843 636
843 889
844 672
844 455
844 56
844 793
844 549
844 214
844 786
844 50
844 877
844 831
844 295
844 805
844 737
845 848
845 804
845 920
845 172
845 365
845 593
845 184
845 269
845 0
845 297
845 347
846 670
846 847
846 641
846 587
846 730
846 633
846 93
846 889
847 725
847 351
847 760
847 903
847 41
847 294
847 679
847 181
847 596
847 785
848 115
848 59
848 791
848 54
848 993
848 399
848 732
848 288
848 145
849 718
849 733
849 755
849 967
849 978
849 195
849 467
849 412
849 346
849 4
850 861
850 655
850 127
850 952
850 357
850 269
850 991
850 933
851 449
851 501
851 232
851 892
851 275
851 400
852 32
852 143
852 477
852 874
852 632
852 350
852 438
852 300
852 355
853 273
853 200
853 971
853 66
853 869
853 413
853 447
853 687
854 512
854 406
854 872
854 421
854 284
854 404
854 63
855 894
855 937
855 805
855 261
855 39
855 445
855 637
855 208
855 576
855 909
855 821
856 344
856 275
856 545
856 16
856 404
856 174
856 631
856 491
856 744
856 40
856 739
856 354
857 732
857 161
857 466
857 114
857 154
857 49
857 421
858 523
858 910
858 558
858 958
858 364
858 42
858 814
858 319
858 187
858 304
858 235
858 46
859 199
859 764
859 24
859 277
859 618
859 548
859 873
859 964
859 572
859 671
859 715
860 549
860 180
860 899
860 965
860 518
860 395
860 993
860 487
860 441
860 760
860 100
860 215
860 998
860 791
860 517
861 909
861 269
861 683
861 27
861 879
861 967
861 66
861 433
861 519
861 179
861 666
861 216
862 339
862 89
862 731
862 915
862 343
862 425
862 448
862 525
862 193
862 216
862 930
862 996
863 813
863 992
863 636
863 701
863 281
863 993
863 995
863 420
863 934
863 244
863 286
863 975
863 676
863 55
863 88
864 492
864 767
864 606
864 540
864 860
864 794
864 234
864 124
864 808
865 495
865 859
865 123
865 733
865 323
865 364
865 847
865 91
865 815
865 193
865 331
865 856
865 228
865 435
865 992
865 164
866 55
866 97
866 297
866 576
866 21
867 656
867 295
867 943
867 598
867 57
867 590
867 544
867 996
867 527
867 946
867 374
867 915
867 898
867 883
867 658
867 273
868 351
868 772
868 844
868 965
868 349
868 855
868 797
868 810
868 994
868 511
868 566
868 928
868 48
868 122
869 48
869 477
869 691
869 317
869 699
869 23
870 689
870 182
870 919
870 396
870 44
870 152
871 440
871 79
871 13
871 904
871 944
871 261
871 8
871 883
872 968
872 479
872 917
872 257
872 235
872 995
872 122
873 242
873 67
873 801
873 334
873 184
873 634
873 797
873 168
873 707
873 237
874 409
874 81
874 241
874 337
874 322
875 745
875 129
875 958
875 716
875 67
875 837
875 820
875 719
875 972
875 389
875 714
876 889
876 496
876 107
876 0
877 889
877 719
877 857
877 945
877 638
877 91
877 568
877 62
878 445
878 101
878 193
878 110
878 617
878 249
878 157
878 953
878 137
878 68
878 518
878 397
878 912
878 705
878 628
879 637
879 327
879 649
879 127
879 863
879 541
879 581
879 420
879 103
879 427
879 273
879 50
879 732
880 829
880 110
880 9
880 178
880 498
880 874
880 699
880 754
881 520
881 821
881 994
881 577
881 342
881 710
881 171
881 46
881 893
881 834
881 328
882 430
882 645
883 248
883 77
883 221
883 746
883 381
883 194
883 349
883 443
883 398
884 391
884 872
884 439
884 834
884 629
885 851
885 274
885 901
885 408
885 538
885 632
885 807
885 830
885 877
885 291
885 15
885 613
885 355
885 685
885 284
886 223
886 842
886 330
886 935
886 900
886 863
886 123
887 434
887 457
887 584
887 403
887 216
887 200
887 684
887 213
888 407
888 10
888 373
888 809
888 262
888 837
888 203
888 82
889 299
889 532
889 422
889 994
889 412
889 324
889 383
889 173
889 293
890 883
890 95
890 390
890 44
890 550
890 229
890 482
890 926
890 508
890 826
890 644
891 747
891 877
891 151
891 128
891 293
891 99
892 142
892 903
892 542
892 948
892 808
892 161
892 346
892 284
892 660
892 361
892 982
892 596
892 156
892 99
892 495
892 730
893 953
893 798
893 112
893 2
893 123
893 724
893 582
893 971
893 751
894 119
894 253
894 451
894 590
894 898
894 269
894 32
895 181
895 739
895 72
895 655
895 8
895 14
895 763
895 147
895 507
895 738
895 99
895 143
896 389
896 422
896 760
896 613
896 867
896 75
896 297
896 924
896 832
897 379
897 620
897 712
897 806
897 678
897 854
897 644
898 931
898 885
898 950
898 488
898 600
898 186
898 247
898 362
898 860
898 409
898 675
898 284
898 491
898 896
898 119
899 27
899 334
899 164
899 135
899 992
899 110
899 462
900 966
900 630
900 267
900 129
900 280
900 374
900 110
900 221
900 94
901 83
901 338
901 312
901 13
901 487
901 843
901 199
901 240
901 173
901 710
901 511
901 500
901 709
902 292
902 317
902 811
902 338
902 305
902 448
902 553
902 299
903 548
903 434
903 617
903 231
903 663
903 458
904 243
904 822
904 899
904 214
904 984
904 376
904 765
905 61
905 328
905 865
905 804
905 540
905 892
905 252
906 521
906 49
906 117
906 898
906 459
906 393
906 316
906 695
906 765
906 985
906 54
907 938
907 915
907 137
907 665
907 676
907 292
907 573
908 408
908 619
908 594
908 297
908 495
908 108
908 438
908 339
908 501
909 886
909 435
909 598
909 983
909 69
909 854
909 288
909 134
910 980
910 783
910 860
910 167
910 502
910 378
910 115
911 114
911 631
911 974
911 656
911 18
911 571
911 431
911 852
911 867
911 889
912 191
912 370
912 807
912 492
912 469
912 285
912 891
912 800
912 869
912 95
912 261
912 633
912 695
913 817
913 758
913 439
913 199
913 628
913 650
913 132
913 686
913 636
913 448
913 624
914 725
914 810
914 488
914 974
914 54
914 286
914 79
914 735
914 820
914 639
914 707
914 531
914 410
915 47
915 318
915 686
915 492
915 395
915 855
915 517
915 769
915 145
915 167
915 347
915 738
916 962
916 222
916 8
916 338
916 360
916 847
916 897
916 468
916 520
916 663
917 624
917 188
917 585
917 432
917 14
917 502
917 275
917 583
917 900
917 285
917 666
918 115
918 238
918 182
918 88
918 796
918 198
918 855
918 459
918 565
918 864
918 798
918 357
918 148
918 971
918 906
918 730
919 58
919 290
919 631
919 788
919 612
919 419
919 349
919 41
920 835
920 247
920 104
920 82
920 17
920 138
920 19
920 976
920 162
920 529
920 936
921 171
921 590
921 354
921 905
921 938
921 20
921 120
922 937
922 552
922 362
922 291
922 917
922 554
922 950
922 295
922 163
922 623
923 903
923 724
923 990
923 358
923 306
923 30
923 4
923 104
923 357
923 587
923 295
923 980
923 773
923 971
923 181
923 807
923 94
924 633
924 424
924 889
924 779
924 727
924 696
924 883
924 343
925 304
925 860
925 495
925 308
925 152
925 819
925 61
926 870
926 429
926 312
926 268
926 131
926 911
926 558
926 976
927 194
927 375
927 751
927 509
927 445
927 723
927 162
927 32
927 209
927 726
928 979
928 723
928 104
928 831
928 512
928 193
928 722
928 801
929 356
929 51
929 733
929 289
929 999
929 448
929 415
929 220
930 977
930 723
930 509
930 61
930 479
930 38
930 44
930 242
931 681
931 834
931 542
931 745
931 393
931 495
931 99
931 914
931 501
932 892
932 126
932 115
932 500
932 784
932 102
932 673
932 486
932 2
932 884
933 335
933 0
933 416
933 528
933 813
933 583
933 479
933 849
933 723
933 148
933 815
933 474
933 173
933 116
933 162
934 345
934 87
934 954
934 184
934 215
934 860
934 810
934 605
935 461
935 850
935 866
935 625
935 250
935 545
935 863
935 929
935 858
935 715
935 132
935 744
935 238
935 51
936 397
936 215
936 357
936 838
936 457
936 599
936 793
936 218
936 865
936 249
936 292
936 821
936 143
936 616
936 237
936 214
936 367
936 252
937 884
937 995
937 468
937 898
937 232
937 692
937 805
937 851
937 752
937 559
937 97
937 574
938 832
938 690
938 626
938 651
938 12
938 817
938 170
938 808
939 726
939 286
939 737
939 46
939 277
939 288
939 398
939 299
940 399
940 957
940 167
940 500
940 130
940 196
940 743
940 452
940 252
941 787
941 528
941 855
941 698
941 686
941 796
941 233
941 255
941 295
941 465
941 762
942 62
942 887
942 417
942 267
942 517
942 500
942 12
942 713
942 667
942 42
942 791
942 807
942 171
942 125
942 521
943 660
943 335
943 115
943 677
943 218
943 971
943 278
943 249
943 623
944 460
944 200
944 374
944 808
944 151
944 925
944 511
944 319
944 112
944 817
944 209
944 922
944 768
944 813
944 560
944 17
944 996
944 99
944 429
945 912
945 304
945 964
945 381
945 974
945 655
945 949
945 344
945 531
945 132
945 724
946 966
946 234
946 135
946 512
946 187
946 376
946 948
947 398
947 980
947 844
947 852
947 333
947 322
947 556
947 891
948 952
948 563
948 862
948 569
948 340
948 819
948 275
948 33
948 146
948 128
948 766
948 72
949 511
949 51
949 948
949 395
949 815
949 446
949 183
949 919
949 526
949 669
949 19
949 701
950 465
950 858
950 2
950 941
950 848
950 683
950 384
950 693
950 647
950 106
950 129
950 448
950 34
950 701
950 679
950 349
950 137
950 528
951 862
951 21
951 203
951 987
951 602
951 287
951 650
951 267
951 25
951 66
952 549
952 183
952 745
952 214
952 122
952 761
952 420
952 486
952 154
952 726
953 434
953 305
953 743
953 738
953 780
953 718
953 795
953 200
953 407
953 616
953 308
954 254
954 150
954 97
954 442
954 755
954 364
954 367
954 383
954 878
954 770
954 11
954 960
954 443
955 877
955 554
955 439
955 934
955 717
955 889
955 797
955 571
955 548
955 845
955 943
955 580
955 1
955 32
955 333
955 678
956 667
956 543
956 313
956 701
956 401
956 923
956 854
956 415
956 139
956 986
956 89
956 699
956 9
956 906
956 554
956 455
957 397
957 29
957 180
957 847
957 605
957 743
957 812
957 724
957 383
957 83
957 171
957 435
958 68
958 298
958 62
958 832
958 898
958 906
958 432
958 577
959 204
959 873
959 778
959 233
959 549
959 374
959 429
959 122
959 441
959 361
960 913
960 93
960 610
960 190
960 230
960 480
961 618
961 991
961 55
961 979
961 10
961 600
961 603
961 339
961 302
961 137
961 223
962 193
962 484
962 286
962 407
962 660
962 631
962 845
962 526
963 643
963 94
963 820
963 671
963 747
963 571
963 823
963 42
963 958
963 309
964 705
964 338
964 390
964 907
964 251
964 740
965 742
965 695
965 475
965 658
965 230
965 450
965 583
965 353
965 775
965 594
965 99
965 114
965 118
966 558
966 440
966 351
966 945
966 977
966 152
966 871
966 519
966 898
966 686
966 135
967 494
967 550
967 574
967 702
967 757
967 952
967 358
967 610
967 144
968 494
968 806
968 143
968 272
969 961
969 595
969 101
969 993
969 120
969 482
969 306
969 392
969 920
969 643
969 358
970 745
970 580
970 566
970 516
970 637
970 901
970 295
970 757
971 832
971 468
971 228
971 547
971 366
971 278
971 683
971 691
971 654
971 907
972 921
972 60
972 164
972 292
972 273
972 482
972 828
972 678
973 549
973 286
973 457
973 333
973 162
973 536
973 942
973 970
973 632
973 863
973 643
974 346
974 370
974 112
974 386
974 718
974 300
974 179
974 48
974 224
975 509
975 421
975 978
975 53
975 229
975 964
976 34
976 167
976 909
976 832
976 37
976 11
976 303
977 691
977 65
977 353
977 96
977 270
977 512
977 213
977 495
978 363
978 947
978 952
978 927
978 405
978 767
978 348
978 431
978 609
978 620
978 335
979 105
979 304
979 780
979 859
979 157
979 438
979 790
979 724
979 332
979 508
979 695
980 914
980 751
980 58
980 858
980 88
980 19
980 118
980 844
980 965
980 515
980 576
981 426
981 709
981 472
981 826
981 405
981 612
981 579
981 853
981 528
982 364
982 442
982 126
982 819
982 263
982 560
982 522
982 384
982 293
982 615
982 900
982 427
982 869
982 297
982 183
983 609
983 661
983 247
983 735
983 12
983 449
983 837
983 706
983 177
983 369
983 897
983 767
983 741
984 809
984 893
984 662
984 737
984 872
984 509
984 883
984 524
984 755
984 720
985 525
985 878
985 883
985 84
985 763
985 275
985 980
985 967
985 87
985 698
985 984
986 885
986 823
986 803
986 186
986 305
986 910
986 602
986 56
986 122
987 606
987 569
987 168
987 53
987 768
987 293
987 588
987 486
987 134
988 965
988 328
988 230
988 72
988 463
988 452
988 221
988 498
989 885
989 279
989 795
989 243
989 312
989 158
989 594
989 561
989 661
989 892
989 415
989 530
989 245
990 392
990 614
990 738
990 659
990 973
990 329
990 348
990 279
990 466
990 161
990 18
990 126
991 437
991 25
991 225
991 676
991 900
991 130
991 33
991 358
992 592
992 729
992 565
992 831
992 736
992 924
992 474
993 551
993 585
993 355
993 24
993 497
993 638
993 770
993 613
993 433
993 778
993 213
993 455
993 777
993 72
994 705
994 944
994 262
994 226
994 624
994 539
994 959
995 539
995 882
995 524
995 225
995 467
995 481
995 872
995 135
995 414
995 28
995 864
995 39
996 812
996 5
996 603
996 891
996 535
996 489
996 358
996 818
996 333
996 497
996 332
996 469
997 941
997 443
997 693
997 273
997 635
997 499
997 714
998 794
998 383
998 832
998 787
998 809
998 446
998 298
998 45
998 903
998 165
999 835
999 358
999 289
999 479
999 709
999 265
999 655
999 120
999 208
999 119
999 163
999 613
